{
"vproj": 1.9799,
"pin1": [-2.810, -9.472, 0],
"pin2": [-6.204, 6.690, 0],
"pin3": [9.486, 1.910, 0],
"pin4": [0, 0, 0],
"t1": 18.32100,
"t2": 18.32724,
"t3": 18.33564,
"t4": 18.61148
}