{
"vproj": 1.979,
"vproj_err": 0.006,
"pin1": [-2.810, -9.472, 0],
"pin2": [-6.204, 6.690, 0],
"pin3": [9.486, 1.910, 0],
"pin4": [0, 0, 0],
"t1": 18.32100,
"t2": 18.32724,
"t3": 18.33564,
"t4": 18.61148,
"rho_0": 2.708,
"rho_0_err": 0.001,
"rho_0_imp": 8.944,
"rho_0_imp_err": 0.003,
"U_s": 7.2488,
"U_s_err": 0.0007
}